num: math, seq, actor
  3     2     1     2
  4     2     2     3
  5     3     2     3
  6     3     3     4
  7     4     3     4
  8     4     4     5
  9     4     4     5
 10     4     4     5
 11     5     4     5
 12     5     5     6
 13     6     5     6
 14     6     6     6
 15     6     6     6
 16     6     6     7
 17     7     6     7
 18     7     7     8
 19     8     7     8
 20     8     8     8
 21     8     8     8
 22     8     8     9
 23     9     8     9
 24     9     9    10
 25     9     9    10
 26     9     9     9
 27     9     9     9
 28     9     9    10
 29    10     9    10
 30    10    10    11
 31    11    10    11
 32    11    11    11
 33    11    11    11
 34    11    11    11
 35    11    11    11
 36    11    11    12
 37    12    11    12
 38    12    12    12
 39    12    12    12
 40    12    12    13
 41    13    12    13
 42    13    13    14
 43    14    13    14
 44    14    14    14
 45    14    14    14
 46    14    14    15
 47    15    14    15
 48    15    15    16
 49    15    15    16
 50    15    15    15
 51    15    15    15
 52    15    15    16
 53    16    15    16
 54    16    16    16
 55    16    16    16
 56    16    16    16
 57    16    16    16
 58    16    16    17
 59    17    16    17
 60    17    17    18
 61    18    17    18
 62    18    18    18
 63    18    18    18
 64    18    18    18
 65    18    18    18
 66    18    18    19
 67    19    18    19
 68    19    19    19
 69    19    19    19
 70    19    19    20
 71    20    19    20
 72    20    20    21
 73    21    20    21
 74    21    21    21
 75    21    21    21
 76    21    21    21
 77    21    21    21
 78    21    21    22
 79    22    21    22
 80    22    22    22
 81    22    22    22
 82    22    22    23
 83    23    22    23
 84    23    23    23
 85    23    23    23
 86    23    23    23
 87    23    23    23
 88    23    23    24
 89    24    23    24
 90    24    24    24
 91    24    24    24
 92    24    24    24
 93    24    24    24
 94    24    24    24
 95    24    24    24
 96    24    24    25
 97    25    24    25
 98    25    25    25
 99    25    25    25
100    25    25    26
