num: math, seq, actor
  3     2     1     2
  4     2     2     3
  5     3     2     3
  6     3     3     4
  7     4     3     4
  8     4     4     5
  9     4     4     5
 10     4     4     5
 11     5     4     5
 12     5     5     6
 13     6     5     6
 16     6     6     7
 17     7     6     7
 18     7     7     8
 19     8     7     8
 22     8     8     9
 23     9     8     9
 24     9     9    10
 25     9     9    10
 28     9     9    10
 29    10     9    10
 30    10    10    11
 31    11    10    11
 36    11    11    12
 37    12    11    12
 40    12    12    13
 41    13    12    13
 42    13    13    14
 43    14    13    14
 46    14    14    15
 47    15    14    15
 48    15    15    16
 49    15    15    16
 52    15    15    16
 53    16    15    16
 58    16    16    17
 59    17    16    17
 60    17    17    18
 61    18    17    18
 66    18    18    19
 67    19    18    19
 70    19    19    20
 71    20    19    20
 72    20    20    21
 73    21    20    21
 78    21    21    22
 79    22    21    22
 82    22    22    23
 83    23    22    23
 88    23    23    24
 89    24    23    24
 96    24    24    25
 97    25    24    25
100    25    25    26
